************************************************************
Number of Neighbours: 1
Using Uniform Weights
Using p = 1  in minkowski distance metric


Confusion Matrix
[[ 973    2    1    0    0    1    2    1    0    0]
 [   0 1129    3    0    1    1    1    0    0    0]
 [   9    8  987    6    1    0    2   17    2    0]
 [   0    2    4  965    1   21    0    9    4    4]
 [   1    9    0    0  937    0    3    4    1   27]
 [   2    1    0   17    2  848    9    1    5    7]
 [   5    2    1    0    2    5  943    0    0    0]
 [   0   20    4    2    4    0    0  989    0    9]
 [   9    5    6   21    4   18    3    4  894   10]
 [   1    5    1    7   13    5    1    9    1  966]]


Classification Report
             precision    recall  f1-score   support

          0       0.97      0.99      0.98       980
          1       0.95      0.99      0.97      1135
          2       0.98      0.96      0.97      1032
          3       0.95      0.96      0.95      1010
          4       0.97      0.95      0.96       982
          5       0.94      0.95      0.95       892
          6       0.98      0.98      0.98       958
          7       0.96      0.96      0.96      1028
          8       0.99      0.92      0.95       974
          9       0.94      0.96      0.95      1009

avg / total       0.96      0.96      0.96     10000



Accuracy= 0.9631
************************************************************ 

************************************************************
Number of Neighbours: 1
Using Uniform Weights
Using p = 2  in minkowski distance metric


Confusion Matrix
[[ 973    1    1    0    0    1    3    1    0    0]
 [   0 1129    3    0    1    1    1    0    0    0]
 [   7    6  992    5    1    0    2   16    3    0]
 [   0    1    2  970    1   19    0    7    7    3]
 [   0    7    0    0  944    0    3    5    1   22]
 [   1    1    0   12    2  860    5    1    6    4]
 [   4    2    0    0    3    5  944    0    0    0]
 [   0   14    6    2    4    0    0  992    0   10]
 [   6    1    3   14    5   13    3    4  920    5]
 [   2    5    1    6   10    5    1   11    1  967]]


Classification Report
             precision    recall  f1-score   support

          0       0.98      0.99      0.99       980
          1       0.97      0.99      0.98      1135
          2       0.98      0.96      0.97      1032
          3       0.96      0.96      0.96      1010
          4       0.97      0.96      0.97       982
          5       0.95      0.96      0.96       892
          6       0.98      0.99      0.98       958
          7       0.96      0.96      0.96      1028
          8       0.98      0.94      0.96       974
          9       0.96      0.96      0.96      1009

avg / total       0.97      0.97      0.97     10000



Accuracy= 0.9691
************************************************************ 

************************************************************
Number of Neighbours: 1
Using Uniform Weights
Using p = 3  in minkowski distance metric


Confusion Matrix
[[ 973    1    1    0    0    0    3    1    1    0]
 [   0 1129    3    0    1    1    1    0    0    0]
 [   6    2 1001    4    1    0    2   14    2    0]
 [   0    1    2  969    1   20    0    6    6    5]
 [   0    5    0    0  946    0    3    5    2   21]
 [   1    1    0    9    2  861    5    1    7    5]
 [   3    3    0    0    3    5  944    0    0    0]
 [   0   11    8    2    4    0    0  994    0    9]
 [   3    1    2   15    5    8    3    4  929    4]
 [   2    3    1    3   11    5    1   11    1  971]]


Classification Report
             precision    recall  f1-score   support

          0       0.98      0.99      0.99       980
          1       0.98      0.99      0.99      1135
          2       0.98      0.97      0.98      1032
          3       0.97      0.96      0.96      1010
          4       0.97      0.96      0.97       982
          5       0.96      0.97      0.96       892
          6       0.98      0.99      0.98       958
          7       0.96      0.97      0.96      1028
          8       0.98      0.95      0.97       974
          9       0.96      0.96      0.96      1009

avg / total       0.97      0.97      0.97     10000



Accuracy= 0.9717
************************************************************ 

************************************************************
Number of Neighbours: 1
Using Inverse Distance Weights
Using p = 1  in minkowski distance metric


Confusion Matrix
[[ 973    2    1    0    0    1    2    1    0    0]
 [   0 1129    3    0    1    1    1    0    0    0]
 [   9    8  987    6    1    0    2   17    2    0]
 [   0    2    4  965    1   21    0    9    4    4]
 [   1    9    0    0  937    0    3    4    1   27]
 [   2    1    0   17    2  848    9    1    5    7]
 [   5    2    1    0    2    5  943    0    0    0]
 [   0   20    4    2    4    0    0  989    0    9]
 [   9    5    6   21    4   18    3    4  894   10]
 [   1    5    1    7   13    5    1    9    1  966]]


Classification Report
             precision    recall  f1-score   support

          0       0.97      0.99      0.98       980
          1       0.95      0.99      0.97      1135
          2       0.98      0.96      0.97      1032
          3       0.95      0.96      0.95      1010
          4       0.97      0.95      0.96       982
          5       0.94      0.95      0.95       892
          6       0.98      0.98      0.98       958
          7       0.96      0.96      0.96      1028
          8       0.99      0.92      0.95       974
          9       0.94      0.96      0.95      1009

avg / total       0.96      0.96      0.96     10000



Accuracy= 0.9631
************************************************************ 

************************************************************
Number of Neighbours: 1
Using Inverse Distance Weights
Using p = 2  in minkowski distance metric


Confusion Matrix
[[ 973    1    1    0    0    1    3    1    0    0]
 [   0 1129    3    0    1    1    1    0    0    0]
 [   7    6  992    5    1    0    2   16    3    0]
 [   0    1    2  970    1   19    0    7    7    3]
 [   0    7    0    0  944    0    3    5    1   22]
 [   1    1    0   12    2  860    5    1    6    4]
 [   4    2    0    0    3    5  944    0    0    0]
 [   0   14    6    2    4    0    0  992    0   10]
 [   6    1    3   14    5   13    3    4  920    5]
 [   2    5    1    6   10    5    1   11    1  967]]


Classification Report
             precision    recall  f1-score   support

          0       0.98      0.99      0.99       980
          1       0.97      0.99      0.98      1135
          2       0.98      0.96      0.97      1032
          3       0.96      0.96      0.96      1010
          4       0.97      0.96      0.97       982
          5       0.95      0.96      0.96       892
          6       0.98      0.99      0.98       958
          7       0.96      0.96      0.96      1028
          8       0.98      0.94      0.96       974
          9       0.96      0.96      0.96      1009

avg / total       0.97      0.97      0.97     10000



Accuracy= 0.9691
************************************************************ 

************************************************************
Number of Neighbours: 1
Using Inverse Distance Weights
Using p = 3  in minkowski distance metric


Confusion Matrix
[[ 973    1    1    0    0    0    3    1    1    0]
 [   0 1129    3    0    1    1    1    0    0    0]
 [   6    2 1001    4    1    0    2   14    2    0]
 [   0    1    2  969    1   20    0    6    6    5]
 [   0    5    0    0  946    0    3    5    2   21]
 [   1    1    0    9    2  861    5    1    7    5]
 [   3    3    0    0    3    5  944    0    0    0]
 [   0   11    8    2    4    0    0  994    0    9]
 [   3    1    2   15    5    8    3    4  929    4]
 [   2    3    1    3   11    5    1   11    1  971]]


Classification Report
             precision    recall  f1-score   support

          0       0.98      0.99      0.99       980
          1       0.98      0.99      0.99      1135
          2       0.98      0.97      0.98      1032
          3       0.97      0.96      0.96      1010
          4       0.97      0.96      0.97       982
          5       0.96      0.97      0.96       892
          6       0.98      0.99      0.98       958
          7       0.96      0.97      0.96      1028
          8       0.98      0.95      0.97       974
          9       0.96      0.96      0.96      1009

avg / total       0.97      0.97      0.97     10000



Accuracy= 0.9717
************************************************************ 

************************************************************
Number of Neighbours: 3
Using Uniform Weights
Using p = 1  in minkowski distance metric


Confusion Matrix
[[ 974    1    1    0    0    1    2    1    0    0]
 [   0 1134    1    0    0    0    0    0    0    0]
 [  11   16  979    3    1    0    1   17    4    0]
 [   1    3    4  974    1   14    0    9    2    2]
 [   1   13    0    0  934    0    6    4    0   24]
 [   5    2    0   10    3  859    5    1    1    6]
 [   6    3    0    0    4    3  942    0    0    0]
 [   0   25    4    0    2    0    0  988    0    9]
 [  11    4    6   20    8   17    4    5  895    4]
 [   3    7    2    9   10    3    1   18    2  954]]


Classification Report
             precision    recall  f1-score   support

          0       0.96      0.99      0.98       980
          1       0.94      1.00      0.97      1135
          2       0.98      0.95      0.97      1032
          3       0.96      0.96      0.96      1010
          4       0.97      0.95      0.96       982
          5       0.96      0.96      0.96       892
          6       0.98      0.98      0.98       958
          7       0.95      0.96      0.95      1028
          8       0.99      0.92      0.95       974
          9       0.95      0.95      0.95      1009

avg / total       0.96      0.96      0.96     10000



Accuracy= 0.9633
************************************************************ 

************************************************************
Number of Neighbours: 3
Using Uniform Weights
Using p = 2  in minkowski distance metric


Confusion Matrix
[[ 974    1    1    0    0    1    2    1    0    0]
 [   0 1133    2    0    0    0    0    0    0    0]
 [  10    9  996    2    0    0    0   13    2    0]
 [   0    2    4  976    1   13    1    7    3    3]
 [   1    6    0    0  950    0    4    2    0   19]
 [   6    1    0   11    2  859    5    1    3    4]
 [   5    3    0    0    3    3  944    0    0    0]
 [   0   21    5    0    1    0    0  991    0   10]
 [   8    2    4   16    8   11    3    4  914    4]
 [   4    5    2    8    9    2    1    8    2  968]]


Classification Report
             precision    recall  f1-score   support

          0       0.97      0.99      0.98       980
          1       0.96      1.00      0.98      1135
          2       0.98      0.97      0.97      1032
          3       0.96      0.97      0.96      1010
          4       0.98      0.97      0.97       982
          5       0.97      0.96      0.96       892
          6       0.98      0.99      0.98       958
          7       0.96      0.96      0.96      1028
          8       0.99      0.94      0.96       974
          9       0.96      0.96      0.96      1009

avg / total       0.97      0.97      0.97     10000



Accuracy= 0.9705
************************************************************ 

************************************************************
Number of Neighbours: 3
Using Uniform Weights
Using p = 3  in minkowski distance metric


Confusion Matrix
[[ 975    1    1    0    0    1    1    1    0    0]
 [   0 1133    2    0    0    0    0    0    0    0]
 [   9    7 1000    2    0    0    0   12    2    0]
 [   0    0    4  980    1   11    1    7    3    3]
 [   2    6    0    0  948    0    4    2    0   20]
 [   4    1    0    9    2  861    6    1    3    5]
 [   4    3    0    0    3    3  945    0    0    0]
 [   0   18    6    1    2    0    0  990    0   11]
 [   6    2    4   17    7    8    3    4  919    4]
 [   4    6    2    8    9    2    1    9    1  967]]


Classification Report
             precision    recall  f1-score   support

          0       0.97      0.99      0.98       980
          1       0.96      1.00      0.98      1135
          2       0.98      0.97      0.98      1032
          3       0.96      0.97      0.97      1010
          4       0.98      0.97      0.97       982
          5       0.97      0.97      0.97       892
          6       0.98      0.99      0.98       958
          7       0.96      0.96      0.96      1028
          8       0.99      0.94      0.97       974
          9       0.96      0.96      0.96      1009

avg / total       0.97      0.97      0.97     10000



Accuracy= 0.9718
************************************************************ 

************************************************************
Number of Neighbours: 3
Using Inverse Distance Weights
Using p = 1  in minkowski distance metric


Confusion Matrix
[[ 974    1    1    0    0    1    2    1    0    0]
 [   0 1134    1    0    0    0    0    0    0    0]
 [  10   12  982    3    1    0    2   18    4    0]
 [   0    3    4  971    1   15    0    9    4    3]
 [   1   12    0    0  934    0    6    5    0   24]
 [   5    1    0    9    2  858    6    1    2    8]
 [   6    3    0    0    4    3  942    0    0    0]
 [   0   24    4    0    2    0    0  989    0    9]
 [  11    4    4   19    6   15    4    5  898    8]
 [   2    7    1    6   10    4    1   18    2  958]]


Classification Report
             precision    recall  f1-score   support

          0       0.97      0.99      0.98       980
          1       0.94      1.00      0.97      1135
          2       0.98      0.95      0.97      1032
          3       0.96      0.96      0.96      1010
          4       0.97      0.95      0.96       982
          5       0.96      0.96      0.96       892
          6       0.98      0.98      0.98       958
          7       0.95      0.96      0.95      1028
          8       0.99      0.92      0.95       974
          9       0.95      0.95      0.95      1009

avg / total       0.96      0.96      0.96     10000



Accuracy= 0.964
************************************************************ 

************************************************************
Number of Neighbours: 3
Using Inverse Distance Weights
Using p = 2  in minkowski distance metric


Confusion Matrix
[[ 974    1    1    0    0    1    2    1    0    0]
 [   0 1133    2    0    0    0    0    0    0    0]
 [   9    7  997    2    0    0    1   14    2    0]
 [   0    1    4  975    1   13    1    7    4    4]
 [   0    5    0    0  948    0    5    4    1   19]
 [   4    1    0   12    2  860    5    1    3    4]
 [   4    3    0    0    4    3  944    0    0    0]
 [   0   18    4    0    2    0    0  994    0   10]
 [   7    0    3   13    5   11    3    4  923    5]
 [   3    4    2    7    9    4    1    8    2  969]]


Classification Report
             precision    recall  f1-score   support

          0       0.97      0.99      0.98       980
          1       0.97      1.00      0.98      1135
          2       0.98      0.97      0.98      1032
          3       0.97      0.97      0.97      1010
          4       0.98      0.97      0.97       982
          5       0.96      0.96      0.96       892
          6       0.98      0.99      0.98       958
          7       0.96      0.97      0.96      1028
          8       0.99      0.95      0.97       974
          9       0.96      0.96      0.96      1009

avg / total       0.97      0.97      0.97     10000



Accuracy= 0.9717
************************************************************ 

************************************************************
Number of Neighbours: 3
Using Inverse Distance Weights
Using p = 3  in minkowski distance metric


Confusion Matrix
[[ 975    1    1    0    0    1    1    1    0    0]
 [   0 1132    2    0    1    0    0    0    0    0]
 [   8    5 1001    2    0    0    1   13    2    0]
 [   0    0    3  977    1   13    1    7    4    4]
 [   1    5    0    0  947    0    4    4    1   20]
 [   3    1    0    8    2  862    7    1    3    5]
 [   3    3    0    0    3    4  945    0    0    0]
 [   0   16    6    1    2    0    0  992    0   11]
 [   3    0    4   14    5    7    3    4  929    5]
 [   3    5    2    6    9    5    1    9    1  968]]


Classification Report
             precision    recall  f1-score   support

          0       0.98      0.99      0.99       980
          1       0.97      1.00      0.98      1135
          2       0.98      0.97      0.98      1032
          3       0.97      0.97      0.97      1010
          4       0.98      0.96      0.97       982
          5       0.97      0.97      0.97       892
          6       0.98      0.99      0.98       958
          7       0.96      0.96      0.96      1028
          8       0.99      0.95      0.97       974
          9       0.96      0.96      0.96      1009

avg / total       0.97      0.97      0.97     10000



Accuracy= 0.9728
************************************************************ 

************************************************************
Number of Neighbours: 5
Using Uniform Weights
Using p = 1  in minkowski distance metric


Confusion Matrix
[[ 974    1    1    0    0    1    2    1    0    0]
 [   0 1133    2    0    0    0    0    0    0    0]
 [  12   20  974    3    2    0    1   16    4    0]
 [   0    3    2  973    1   15    1   10    2    3]
 [   2   11    0    0  934    0    6    5    1   23]
 [   6    0    0   12    2  862    4    1    1    4]
 [   7    3    0    0    3    2  943    0    0    0]
 [   0   30    3    0    4    0    0  981    0   10]
 [  12    5    5   18    7   21    5    4  891    6]
 [   5    7    4    9    9    4    1   16    1  953]]


Classification Report
             precision    recall  f1-score   support

          0       0.96      0.99      0.97       980
          1       0.93      1.00      0.97      1135
          2       0.98      0.94      0.96      1032
          3       0.96      0.96      0.96      1010
          4       0.97      0.95      0.96       982
          5       0.95      0.97      0.96       892
          6       0.98      0.98      0.98       958
          7       0.95      0.95      0.95      1028
          8       0.99      0.91      0.95       974
          9       0.95      0.94      0.95      1009

avg / total       0.96      0.96      0.96     10000



Accuracy= 0.9618
************************************************************ 

************************************************************
Number of Neighbours: 5
Using Uniform Weights
Using p = 2  in minkowski distance metric


Confusion Matrix
[[ 974    1    1    0    0    1    2    1    0    0]
 [   0 1133    2    0    0    0    0    0    0    0]
 [  11    8  991    2    1    0    1   15    3    0]
 [   0    3    3  976    1   13    1    6    3    4]
 [   3    7    0    0  944    0    4    2    1   21]
 [   5    0    0   12    2  862    4    1    2    4]
 [   5    3    0    0    3    2  945    0    0    0]
 [   0   22    4    0    3    0    0  988    0   11]
 [   8    3    5   13    6   12    5    5  913    4]
 [   5    7    3    9    7    3    1   10    2  962]]


Classification Report
             precision    recall  f1-score   support

          0       0.96      0.99      0.98       980
          1       0.95      1.00      0.98      1135
          2       0.98      0.96      0.97      1032
          3       0.96      0.97      0.97      1010
          4       0.98      0.96      0.97       982
          5       0.97      0.97      0.97       892
          6       0.98      0.99      0.98       958
          7       0.96      0.96      0.96      1028
          8       0.99      0.94      0.96       974
          9       0.96      0.95      0.95      1009

avg / total       0.97      0.97      0.97     10000



Accuracy= 0.9688
************************************************************ 

************************************************************
Number of Neighbours: 5
Using Uniform Weights
Using p = 3  in minkowski distance metric


Confusion Matrix
[[ 972    1    1    0    0    2    3    1    0    0]
 [   0 1132    2    0    0    0    0    0    0    1]
 [   9    5  996    1    1    0    1   16    3    0]
 [   0    0    2  978    1   14    1    6    3    5]
 [   2    6    0    0  950    0    4    2    1   17]
 [   4    0    0   11    2  865    4    1    2    3]
 [   5    3    0    0    3    2  945    0    0    0]
 [   0   22    4    0    1    0    0  989    0   12]
 [   7    1    5   12    5    7    6    2  925    4]
 [   5    5    3    6    7    3    1   10    2  967]]


Classification Report
             precision    recall  f1-score   support

          0       0.97      0.99      0.98       980
          1       0.96      1.00      0.98      1135
          2       0.98      0.97      0.97      1032
          3       0.97      0.97      0.97      1010
          4       0.98      0.97      0.97       982
          5       0.97      0.97      0.97       892
          6       0.98      0.99      0.98       958
          7       0.96      0.96      0.96      1028
          8       0.99      0.95      0.97       974
          9       0.96      0.96      0.96      1009

avg / total       0.97      0.97      0.97     10000



Accuracy= 0.9719
************************************************************ 

************************************************************
Number of Neighbours: 5
Using Inverse Distance Weights
Using p = 1  in minkowski distance metric


Confusion Matrix
[[ 974    1    1    0    0    1    2    1    0    0]
 [   0 1133    2    0    0    0    0    0    0    0]
 [  11   18  975    3    1    0    2   18    4    0]
 [   0    3    2  971    1   15    1   10    3    4]
 [   1   11    0    0  931    0    7    5    0   27]
 [   4    0    0   10    2  862    5    2    1    6]
 [   7    3    0    0    3    2  943    0    0    0]
 [   0   29    3    0    3    0    0  983    0   10]
 [  11    4    4   15    6   18    4    5  900    7]
 [   4    6    3    7    9    4    1   16    2  957]]


Classification Report
             precision    recall  f1-score   support

          0       0.96      0.99      0.98       980
          1       0.94      1.00      0.97      1135
          2       0.98      0.94      0.96      1032
          3       0.97      0.96      0.96      1010
          4       0.97      0.95      0.96       982
          5       0.96      0.97      0.96       892
          6       0.98      0.98      0.98       958
          7       0.95      0.96      0.95      1028
          8       0.99      0.92      0.96       974
          9       0.95      0.95      0.95      1009

avg / total       0.96      0.96      0.96     10000



Accuracy= 0.9629
************************************************************ 

************************************************************
Number of Neighbours: 5
Using Inverse Distance Weights
Using p = 2  in minkowski distance metric


Confusion Matrix
[[ 974    1    1    0    0    1    2    1    0    0]
 [   0 1133    2    0    0    0    0    0    0    0]
 [  11    7  989    2    0    0    2   17    4    0]
 [   0    2    3  973    1   13    1    7    4    6]
 [   2    7    0    0  943    0    4    3    0   23]
 [   4    0    0    9    2  861    6    1    4    5]
 [   5    3    0    0    3    2  945    0    0    0]
 [   0   20    4    0    3    0    0  990    0   11]
 [   7    3    5   12    5   11    5    5  916    5]
 [   3    5    3    7    7    3    1   11    2  967]]


Classification Report
             precision    recall  f1-score   support

          0       0.97      0.99      0.98       980
          1       0.96      1.00      0.98      1135
          2       0.98      0.96      0.97      1032
          3       0.97      0.96      0.97      1010
          4       0.98      0.96      0.97       982
          5       0.97      0.97      0.97       892
          6       0.98      0.99      0.98       958
          7       0.96      0.96      0.96      1028
          8       0.98      0.94      0.96       974
          9       0.95      0.96      0.95      1009

avg / total       0.97      0.97      0.97     10000



Accuracy= 0.9691
************************************************************ 

************************************************************
Number of Neighbours: 7
Using Uniform Weights
Using p = 1  in minkowski distance metric


Confusion Matrix
[[ 975    1    1    0    0    1    1    1    0    0]
 [   0 1131    2    0    0    0    2    0    0    0]
 [  12   21  969    3    1    0    2   20    4    0]
 [   0    3    2  974    1   12    1   10    4    3]
 [   1   12    0    0  934    0    6    4    1   24]
 [   5    2    0    9    2  862    4    1    2    5]
 [   7    4    0    0    3    2  942    0    0    0]
 [   0   28    3    0    4    0    0  982    0   11]
 [  10    7    5   16    7   22    4    8  889    6]
 [   7    7    3    8    9    4    1   13    0  957]]


Classification Report
             precision    recall  f1-score   support

          0       0.96      0.99      0.98       980
          1       0.93      1.00      0.96      1135
          2       0.98      0.94      0.96      1032
          3       0.96      0.96      0.96      1010
          4       0.97      0.95      0.96       982
          5       0.95      0.97      0.96       892
          6       0.98      0.98      0.98       958
          7       0.95      0.96      0.95      1028
          8       0.99      0.91      0.95       974
          9       0.95      0.95      0.95      1009

avg / total       0.96      0.96      0.96     10000



Accuracy= 0.9615
************************************************************ 

************************************************************
Number of Neighbours: 7
Using Uniform Weights
Using p = 2  in minkowski distance metric


Confusion Matrix
[[ 974    1    1    0    0    1    2    1    0    0]
 [   0 1133    2    0    0    0    0    0    0    0]
 [  11    8  988    2    1    0    2   16    4    0]
 [   0    3    2  976    1   12    1    7    4    4]
 [   1    8    0    0  945    0    5    1    1   21]
 [   5    0    0    8    2  866    4    1    2    4]
 [   6    3    0    0    3    2  944    0    0    0]
 [   0   25    3    0    1    0    0  989    0   10]
 [   6    4    6   11    7   12    1    6  916    5]
 [   5    6    3    6    8    4    1   11    2  963]]


Classification Report
             precision    recall  f1-score   support

          0       0.97      0.99      0.98       980
          1       0.95      1.00      0.97      1135
          2       0.98      0.96      0.97      1032
          3       0.97      0.97      0.97      1010
          4       0.98      0.96      0.97       982
          5       0.97      0.97      0.97       892
          6       0.98      0.99      0.98       958
          7       0.96      0.96      0.96      1028
          8       0.99      0.94      0.96       974
          9       0.96      0.95      0.96      1009

avg / total       0.97      0.97      0.97     10000



Accuracy= 0.9694
************************************************************ 

************************************************************
Number of Neighbours: 7
Using Inverse Distance Weights
Using p = 1  in minkowski distance metric


Confusion Matrix
[[ 975    1    1    0    0    1    1    1    0    0]
 [   0 1131    2    0    0    0    2    0    0    0]
 [  12   19  970    3    1    0    2   21    4    0]
 [   0    3    2  974    1   12    1   10    4    3]
 [   0   12    0    0  931    0    7    5    1   26]
 [   5    1    0    9    2  859    7    1    3    5]
 [   7    4    0    0    3    2  942    0    0    0]
 [   0   28    3    0    2    0    0  983    0   12]
 [   9    6    3   13    5   20    5    8  898    7]
 [   6    7    3    7    9    4    1   12    0  960]]


Classification Report
             precision    recall  f1-score   support

          0       0.96      0.99      0.98       980
          1       0.93      1.00      0.96      1135
          2       0.99      0.94      0.96      1032
          3       0.97      0.96      0.97      1010
          4       0.98      0.95      0.96       982
          5       0.96      0.96      0.96       892
          6       0.97      0.98      0.98       958
          7       0.94      0.96      0.95      1028
          8       0.99      0.92      0.95       974
          9       0.95      0.95      0.95      1009

avg / total       0.96      0.96      0.96     10000



Accuracy= 0.9623
************************************************************ 

************************************************************
Number of Neighbours: 7
Using Inverse Distance Weights
Using p = 2  in minkowski distance metric


Confusion Matrix
[[ 974    1    1    0    0    1    2    1    0    0]
 [   0 1133    2    0    0    0    0    0    0    0]
 [  11    7  988    2    1    0    2   17    4    0]
 [   0    3    2  973    1   13    1    8    5    4]
 [   1    6    0    0  945    0    5    2    1   22]
 [   5    0    0    6    2  867    5    1    2    4]
 [   6    3    0    0    3    2  944    0    0    0]
 [   0   24    3    0    1    0    0  990    0   10]
 [   6    3    4   12    6    8    3    5  921    6]
 [   5    6    3    5    8    4    1   10    2  965]]


Classification Report
             precision    recall  f1-score   support

          0       0.97      0.99      0.98       980
          1       0.96      1.00      0.98      1135
          2       0.99      0.96      0.97      1032
          3       0.97      0.96      0.97      1010
          4       0.98      0.96      0.97       982
          5       0.97      0.97      0.97       892
          6       0.98      0.99      0.98       958
          7       0.96      0.96      0.96      1028
          8       0.99      0.95      0.96       974
          9       0.95      0.96      0.96      1009

avg / total       0.97      0.97      0.97     10000



Accuracy= 0.97
************************************************************ 

************************************************************
Number of Neighbours: 7
Using Inverse Distance Weights
Using p = 3  in minkowski distance metric


Confusion Matrix
[[ 974    1    1    0    0    1    2    1    0    0]
 [   0 1132    2    0    0    0    0    0    0    1]
 [  10    3  994    2    0    0    2   16    5    0]
 [   0    1    2  975    1   13    1    7    4    6]
 [   1    5    0    0  949    0    4    1    1   21]
 [   3    0    0    7    1  869    5    1    2    4]
 [   6    3    0    0    3    2  944    0    0    0]
 [   0   21    4    0    1    0    0  990    0   12]
 [   6    1    4   11    7    6    3    3  927    6]
 [   5    6    2    6    7    5    1    7    2  968]]


Classification Report
             precision    recall  f1-score   support

          0       0.97      0.99      0.98       980
          1       0.97      1.00      0.98      1135
          2       0.99      0.96      0.97      1032
          3       0.97      0.97      0.97      1010
          4       0.98      0.97      0.97       982
          5       0.97      0.97      0.97       892
          6       0.98      0.99      0.98       958
          7       0.96      0.96      0.96      1028
          8       0.99      0.95      0.97       974
          9       0.95      0.96      0.96      1009

avg / total       0.97      0.97      0.97     10000



Accuracy= 0.9722
************************************************************ 

************************************************************
Number of Neighbours: 7
Using Uniform Weights
Using p = 3  in minkowski distance metric


Confusion Matrix
[[ 974    1    1    0    0    1    2    1    0    0]
 [   0 1132    2    0    0    0    0    0    0    1]
 [  10    6  992    2    0    0    2   15    5    0]
 [   0    1    2  978    1   12    1    6    4    5]
 [   2    6    0    0  947    0    4    1    1   21]
 [   3    0    0    9    1  868    4    1    2    4]
 [   6    3    0    0    3    2  944    0    0    0]
 [   0   22    4    0    1    1    0  988    0   12]
 [   6    1    5   12    7    8    3    3  923    6]
 [   6    6    2    7    8    3    1    7    2  967]]


Classification Report
             precision    recall  f1-score   support

          0       0.97      0.99      0.98       980
          1       0.96      1.00      0.98      1135
          2       0.98      0.96      0.97      1032
          3       0.97      0.97      0.97      1010
          4       0.98      0.96      0.97       982
          5       0.97      0.97      0.97       892
          6       0.98      0.99      0.98       958
          7       0.97      0.96      0.96      1028
          8       0.99      0.95      0.97       974
          9       0.95      0.96      0.96      1009

avg / total       0.97      0.97      0.97     10000



Accuracy= 0.9713
************************************************************ 

