************************************************************
Number of Neighbours: 5
Using Uniform Weights
Using p = 3  in minkowski distance metric


Confusion Matrix
[[ 972    1    1    0    0    2    3    1    0    0]
 [   0 1132    2    0    0    0    0    0    0    1]
 [   9    5  996    1    1    0    1   16    3    0]
 [   0    0    2  978    1   14    1    6    3    5]
 [   2    6    0    0  950    0    4    2    1   17]
 [   4    0    0   11    2  865    4    1    2    3]
 [   5    3    0    0    3    2  945    0    0    0]
 [   0   22    4    0    1    0    0  989    0   12]
 [   7    1    5   12    5    7    6    2  925    4]
 [   5    5    3    6    7    3    1   10    2  967]]


Classification Report
             precision    recall  f1-score   support

          0       0.97      0.99      0.98       980
          1       0.96      1.00      0.98      1135
          2       0.98      0.97      0.97      1032
          3       0.97      0.97      0.97      1010
          4       0.98      0.97      0.97       982
          5       0.97      0.97      0.97       892
          6       0.98      0.99      0.98       958
          7       0.96      0.96      0.96      1028
          8       0.99      0.95      0.97       974
          9       0.96      0.96      0.96      1009

avg / total       0.97      0.97      0.97     10000



Accuracy= 0.9719
************************************************************ 

