************************************************************
Number of Neighbours: 1
Using Inverse Distance Weights
Using p = 3  in minkowski distance metric


Confusion Matrix
[[ 973    1    1    0    0    0    3    1    1    0]
 [   0 1129    3    0    1    1    1    0    0    0]
 [   6    2 1001    4    1    0    2   14    2    0]
 [   0    1    2  969    1   20    0    6    6    5]
 [   0    5    0    0  946    0    3    5    2   21]
 [   1    1    0    9    2  861    5    1    7    5]
 [   3    3    0    0    3    5  944    0    0    0]
 [   0   11    8    2    4    0    0  994    0    9]
 [   3    1    2   15    5    8    3    4  929    4]
 [   2    3    1    3   11    5    1   11    1  971]]


Classification Report
             precision    recall  f1-score   support

          0       0.98      0.99      0.99       980
          1       0.98      0.99      0.99      1135
          2       0.98      0.97      0.98      1032
          3       0.97      0.96      0.96      1010
          4       0.97      0.96      0.97       982
          5       0.96      0.97      0.96       892
          6       0.98      0.99      0.98       958
          7       0.96      0.97      0.96      1028
          8       0.98      0.95      0.97       974
          9       0.96      0.96      0.96      1009

avg / total       0.97      0.97      0.97     10000



Accuracy= 0.9717
************************************************************ 

