************************************************************
Number of Neighbours: 3
Using Inverse Distance Weights
Using p = 3  in minkowski distance metric


Confusion Matrix
[[ 975    1    1    0    0    1    1    1    0    0]
 [   0 1132    2    0    1    0    0    0    0    0]
 [   8    5 1001    2    0    0    1   13    2    0]
 [   0    0    3  977    1   13    1    7    4    4]
 [   1    5    0    0  947    0    4    4    1   20]
 [   3    1    0    8    2  862    7    1    3    5]
 [   3    3    0    0    3    4  945    0    0    0]
 [   0   16    6    1    2    0    0  992    0   11]
 [   3    0    4   14    5    7    3    4  929    5]
 [   3    5    2    6    9    5    1    9    1  968]]


Classification Report
             precision    recall  f1-score   support

          0       0.98      0.99      0.99       980
          1       0.97      1.00      0.98      1135
          2       0.98      0.97      0.98      1032
          3       0.97      0.97      0.97      1010
          4       0.98      0.96      0.97       982
          5       0.97      0.97      0.97       892
          6       0.98      0.99      0.98       958
          7       0.96      0.96      0.96      1028
          8       0.99      0.95      0.97       974
          9       0.96      0.96      0.96      1009

avg / total       0.97      0.97      0.97     10000



Accuracy= 0.9728
************************************************************ 

