************************************************************
Number of Neighbours: 3
Using Uniform Weights
Using p = 3  in minkowski distance metric


Confusion Matrix
[[ 975    1    1    0    0    1    1    1    0    0]
 [   0 1133    2    0    0    0    0    0    0    0]
 [   9    7 1000    2    0    0    0   12    2    0]
 [   0    0    4  980    1   11    1    7    3    3]
 [   2    6    0    0  948    0    4    2    0   20]
 [   4    1    0    9    2  861    6    1    3    5]
 [   4    3    0    0    3    3  945    0    0    0]
 [   0   18    6    1    2    0    0  990    0   11]
 [   6    2    4   17    7    8    3    4  919    4]
 [   4    6    2    8    9    2    1    9    1  967]]


Classification Report
             precision    recall  f1-score   support

          0       0.97      0.99      0.98       980
          1       0.96      1.00      0.98      1135
          2       0.98      0.97      0.98      1032
          3       0.96      0.97      0.97      1010
          4       0.98      0.97      0.97       982
          5       0.97      0.97      0.97       892
          6       0.98      0.99      0.98       958
          7       0.96      0.96      0.96      1028
          8       0.99      0.94      0.97       974
          9       0.96      0.96      0.96      1009

avg / total       0.97      0.97      0.97     10000



Accuracy= 0.9718
************************************************************ 

